UNITS LENGTH=A ENERGY=kcal/mol TIME=ns
#WHOLEMOLECULES ENTITY0=1-5773
#RANDOM_EXCHANGES

rog_bs_tot: GYRATION TYPE=RADIUS ATOMS=127,129,135,136,137,147,149,150,151,153,156,157,158,160,166,167,168,170,173,174,175,177,195,196,204,206,216,217,463,465,475,476,477,479,482,483,513,515,530,531,532,534,554,555,832,834,852,853,854,856,871,872,873,875,887,888,949,951,963,964,1277,1279,1287,1288,1289,1291,1294,1295,1296,1298,1314,1315,1330,1332,1352,1353,1401,1403,1416,1417,1808,1810,1830,1831,1832,1834,1849,1850,1874,1876,1896,1897,2058,2060,2073,2074,2113,2115,2131,2132,2395,2397,2417,2418,2441,2443,2451,2452,2588,2590,2610,2611,3101,3103,3121,3122,3123,3133,3135,3136,3137,3139,3151,3152,3178,3180,3192,3193

cip1_bstot: COORDINATION GROUPA=2588,2590,2592,2595,2598,2601,2603,2604,2607,2610,2611,463,465,467,469,473,475,476,477,479,482,483,513,515,517,520,522,526,530,531,854,856,858,861,863,867,871,872,873,875,877,879,883,887,888,949,951,953,955,959,963,964,1401,1403,1405,1408,1411,1412,1413,1416,1417,1277,1279,1281,1284,1285,1286,1287,1288,1289,1291,1294,1295,1296,1298,1300,1303,1304,1306,1308,1310,1312,1314,1315,1330,1332,1334,1337,1340,1343,1345,1346,1349,1352,1353 GROUPB=127,129,131,135,136,137,138,141,144,147,149,150,151,153,156,157,158,160,162,166,167,168,170,173,174,175,177,179,182,185,188,191,195,196,204,206,208,210,214,216,217,3101,3103,3105,3108,3111,3114,3117,3121,3122,3123,3124,3127,3130,3133,3135,3136,3137,3139,3141,3143,3147,3151,3152,3178,3180,3182,3184,3188,3192,3193,1808,1810,1812,1815,1818,1821,1823,1824,1827,1830,1831,1832,1834,1836,1838,1842,1845,1849,1850,1874,1876,1878,1881,1884,1887,1889,1890,1893,1896,1897,2058,2060,2062,2065,2066,2067,2069,2071,2073,2074,2113,2115,2117,2120,2121,2123,2125,2127,2129,2131,2132,2395,2397,2399,2402,2405,2408,2410,2411,2414,2417,2418,2441,2443,2445,2448,2449,2450,2451,2452,175,177,179,182,185,188,191,195,196 R_0=6 NN=6 MM=12

cip2_bstot: COORDINATION GROUPA=137,138,141,144,147,149,150,151,153,156,157,2588,2590,2592,2595,2598,2601,2603,2604,2607,2610,2611,1808,1810,1812,1815,1818,1821,1823,1824,1827,1830,1831,1832,1834,1836,1838,1842,1845,1849,1850,1874,1876,1878,1881,1884,1887,1889,1890,1893,1896,1897,2058,2060,2062,2065,2066,2067,2069,2071,2073,2074,2113,2115,2117,2120,2121,2123,2125,2127,2129,2131,2132,2395,2397,2399,2402,2405,2408,2410,2411,2414,2417,2418,2441,2443,2445,2448,2449,2450,2451,2452,477,479,482,483,513,515,517,520,522,526,530,531,854,856,858,861,863,867,871,872,873,875,877,879,883,887,888 GROUPB=127,129,131,135,136,158,160,162,166,167,168,170,173,174,175,177,179,182,185,188,191,195,196,204,206,208,210,214,216,217,3101,3103,3105,3108,3111,3114,3117,3121,3122,3123,3124,3127,3130,3133,3135,3136,3137,3139,3141,3143,3147,3151,3152,3178,3180,3182,3184,3188,3192,3193,463,465,467,469,473,475,476,949,951,953,955,959,963,964,1401,1403,1405,1408,1411,1412,1413,1416,1417,175,177,179,182,185,188,191,195,196,1277,1279,1281,1284,1285,1286,1287,1288,1289,1291,1294,1295,1296,1298,1300,1303,1304,1306,1308,1310,1312,1314,1315,1330,1332,1334,1337,1340,1343,1345,1346,1349,1352,1353 R_0=6 NN=6 MM=12

cip3_bstot: COORDINATION GROUPA=127,129,131,135,136,137,138,141,144,147,149,150,151,153,156,157,158,160,162,166,167,2588,2590,2592,2595,2598,2601,2603,2604,2607,2610,2611,3101,3103,3105,3108,3111,3114,3117,3121,3122,3178,3180,3182,3184,3188,3192,3193,1808,1810,1812,1815,1818,1821,1823,1824,1827,1830,1831,1832,1834,1836,1838,1842,1845,1849,1850,2441,2443,2445,2448,2449,2450,2451,2452,854,856,858,861,863,867,871,872,873,875,877,879,883,887,888,1401,1403,1405,1408,1411,1412,1413,1416,1417,1289,1291,1294,1295,1296,1298,1300,1303,1304,1306,1308,1310,1312,1314,1315,1330,1332,1334,1337,1340,1343,1345,1346,1349,1352,1353 GROUPB=168,170,173,174,175,177,179,182,185,188,191,195,196,204,206,208,210,214,216,217,3123,3124,3127,3130,3133,3135,3136,3137,3139,3141,3143,3147,3151,3152,1874,1876,1878,1881,1884,1887,1889,1890,1893,1896,1897,2058,2060,2062,2065,2066,2067,2069,2071,2073,2074,2113,2115,2117,2120,2121,2123,2125,2127,2129,2131,2132,2395,2397,2399,2402,2405,2408,2410,2411,2414,2417,2418,463,465,467,469,473,475,476,477,479,482,483,513,515,517,520,522,526,530,531,949,951,953,955,959,963,964,175,177,179,182,185,188,191,195,196,1277,1279,1281,1284,1285,1286,1287,1288 R_0=6 NN=6 MM=12

contacts_nc_charged: COORDINATION GROUPA=532,534,536,539,542,545,547,548,551,554,555,832,834,836,839,842,845,848,852,853 GROUPB=175,177,179,182,185,188,191,195,196,1277,1279,1281,1284,1285,1286,1287,1288,1330,1332,1334,1337,1340,1343,1345,1346,1349,1352,1353,3101,3103,3105,3108,3111,3114,3117,3121,3122 R_0=6 NN=6 MM=12

contacts_nc_others: COORDINATION GROUPA=463,465,467,469,473,475,476,477,479,482,483,513,515,517,520,522,526,530,531,786,788,790,793,796,797,801,802,854,856,858,861,863,867,871,872,873,875,877,879,883,887,888,949,951,953,955,959,963,964 GROUPB=127,129,131,135,136,137,138,141,144,147,149,150,151,153,156,157,158,160,162,166,167,168,170,173,174,197,199,202,203,204,206,208,210,214,216,217,1289,1291,1294,1295,1296,1298,1300,1303,1304,1306,1308,1310,1312,1314,1315,1401,1403,1405,1408,1411,1412,1413,1416,1417,3123,3124,3127,3130,3133,3135,3136,3137,3139,3141,3143,3147,3151,3152,3178,3180,3182,3184,3188,3192,3193 R_0=6 NN=6 MM=12

contacts_lc_charged: COORDINATION GROUPA=1808,1810,1812,1815,1818,1821,1823,1824,1827,1830,1831,1874,1876,1878,1881,1884,1887,1889,1890,1893,1896,1897,2395,2397,2399,2402,2405,2408,2410,2411,2414,2417,2418,2441,2443,2445,2448,2449,2450,2451,2452 GROUPB=175,177,179,182,185,188,191,195,196,1277,1279,1281,1284,1285,1286,1287,1288,1330,1332,1334,1337,1340,1343,1345,1346,1349,1352,1353,3101,3103,3105,3108,3111,3114,3117,3121,3122 R_0=6 NN=6 MM=12

contacts_lc_others: COORDINATION GROUPA=2113,2115,2117,2120,2121,2123,2125,2127,2129,2131,2132,2133,2135,2137,2140,2141,2142,2145,2146 GROUPB=127,129,131,135,136,137,138,141,144,147,149,150,151,153,156,157,158,160,162,166,167,168,170,173,174,197,199,202,203,204,206,208,210,214,216,217,1289,1291,1294,1295,1296,1298,1300,1303,1304,1306,1308,1310,1312,1314,1315,1401,1403,1405,1408,1411,1412,1413,1416,1417,3123,3124,3127,3130,3133,3135,3136,3137,3139,3141,3143,3147,3151,3152,3178,3180,3182,3184,3188,3192,3193 R_0=6 NN=6 MM=12

PRINT ARG=rog_bs_tot,cip1_bstot,cip2_bstot,cip3_bstot,contacts_nc_charged,contacts_nc_others,contacts_lc_charged,contacts_lc_others STRIDE=1 FILE=COLVAR_apoMD

